LLWearable version 22
Default Skin

	permissions 0
	{
		base_mask	00082000
		owner_mask	00000000
		group_mask	00000000
		everyone_mask	00000000
		next_owner_mask	00000000
		creator_id	11111111-1111-0000-0000-000100bba000
		owner_id	d55f3e64-0290-4a5d-9292-d7db6f96bd7c
		last_owner_id	11111111-1111-0000-0000-000100bba000
		group_id	00000000-0000-0000-0000-000000000000
	}
	sale_info	0
	{
		sale_type	not
		sale_price	10
	}
type 1
parameters 37
108 0
110 0
111 0
116 0
117 1
118 0
125 0
126 0
150 0
158 0
159 0
161 0
162 0
163 0
165 0
700 .01
701 .5
702 .26
703 0
704 0
705 .5
706 .6
707 0
708 0
709 0
710 0
711 .5
712 0
713 .7
714 0
715 0
775 0
776 0
777 0
873 0
874 0
878 0
textures 3
0 4530ae62-2415-4435-b31d-ce1a6f4a4261
5 00000000-0000-1111-9999-000000000010
6 00000000-0000-1111-9999-000000000011
