LLWearable version 22
Default Hair

	permissions 0
	{
		base_mask	00082000
		owner_mask	00082000
		group_mask	00000000
		everyone_mask	00000000
		next_owner_mask	00082000
		creator_id	11111111-1111-0000-0000-000100bba000
		owner_id	f2c7a3cb-6de6-431a-858c-95188d946917
		last_owner_id	f2c7a3cb-6de6-431a-858c-95188d946917
		group_id	00000000-0000-0000-0000-000000000000
	}
	sale_info	0
	{
		sale_type	not
		sale_price	10
	}
type 2
parameters 90
16 1.18
31 .62
112 0
113 .05
114 .26
115 0
119 .51
130 .35
131 1
132 .74
133 .35
134 1
135 1
136 .41
137 .54
140 2
141 0
142 0
143 -.1
144 .3
145 0
146 0
147 2
148 0
149 .96
166 0
167 0
168 0
169 0
171 0
172 .3
173 1
174 0
175 3
176 0
177 .35
178 0
179 .18
180 .49
181 -.06
182 .84
183 -.42
184 0
190 0
191 .08
192 0
400 .75
640 0
641 0
642 0
643 0
644 0
645 0
674 -.3
750 .71
751 0
752 .5
754 .44
755 -.21
757 .98
761 0
762 .39
763 .69
771 0
774 0
782 0
783 0
784 0
785 0
786 0
787 0
788 0
789 0
790 0
870 .22
871 1.32
872 .31
1000 .51
1001 .51
1002 .71
1003 .71
1004 0
1005 0
1006 0
1007 0
1008 0
1009 0
1010 0
1011 0
1012 .25
textures 1
4 7ca39b4c-bd19-4699-aff7-f93fd03d3e7b
