LLWearable version 22
Default Shape

	permissions 0
	{
		base_mask	00082000
		owner_mask	00082000
		group_mask	00000000
		everyone_mask	00000000
		next_owner_mask	00082000
		creator_id	11111111-1111-0000-0000-000100bba000
		owner_id	f2c7a3cb-6de6-431a-858c-95188d946917
		last_owner_id	f2c7a3cb-6de6-431a-858c-95188d946917
		group_id	00000000-0000-0000-0000-000000000000
	}
	sale_info	0
	{
		sale_type	not
		sale_price	10
	}
type 0
parameters 143
1 .44
2 -.01
4 -.17
5 0
6 .21
7 -.14
8 0
10 -.11
11 .24
12 0
13 0
14 .38
15 0
17 .26
18 .46
19 .3
20 0
21 .13
22 0
23 -.5
24 -.24
25 -.11
26 .21
27 0
28 0
29 -.08
30 -.08
32 0
33 -1.14
34 -.61
35 .44
36 -.1
37 .34
38 .3
40 0
80 0
100 0
104 .09
105 .28
106 0
151 0
152 .45
153 0
155 -.22
156 .09
157 .09
185 -.38
186 .24
187 0
188 .07
189 0
193 .45
194 .48
195 .24
196 -.14
505 .35
506 -.16
507 .67
515 0
517 .02
518 .42
626 0
627 .45
629 .69
630 0
631 .38
633 .04
634 .04
635 .04
637 .04
646 .24
647 0
648 .21
649 .42
650 .35
651 0
652 .65
653 -.4
655 -.08
656 0
657 .34
658 0
659 .62
660 0
661 0
662 .5
663 0
664 0
665 0
675 .07
676 .26
677 0
678 .5
679 -.08
680 -.08
681 -.08
682 .5
683 -.04
684 .28
685 0
686 -.44
687 -.06
688 -.06
689 -.22
690 .39
691 -.06
692 .18
693 .38
694 -.08
695 -.06
753 .06
756 -.16
758 .63
759 .65
760 0
764 .35
765 .18
767 -.8
768 -.8
769 .3
770 0
772 0
773 .5
794 .37
795 .19
796 0
797 .36
798 0
799 .38
841 0
842 -.2
843 0
853 0
854 .06
855 .26
879 0
880 -.2
1103 0
1104 0
1105 0
1200 0
1201 0
11001 0
textures 0
