LLWearable version 22
New Shape

	permissions 0
	{
		base_mask	7fffffff
		owner_mask	7fffffff
		group_mask	00000000
		everyone_mask	00000000
		next_owner_mask	00082000
		creator_id	79908808-d272-49a8-864a-d133a10931e9
		owner_id	79908808-d272-49a8-864a-d133a10931e9
		last_owner_id	79908808-d272-49a8-864a-d133a10931e9
		group_id	00000000-0000-0000-0000-000000000000
	}
	sale_info	0
	{
		sale_type	not
		sale_price	10
	}
type 0
parameters 82
1 -.07
2 -.4
4 -.13
5 .03
6 -.03
7 .02
8 -.4
10 -.1
11 .24
12 -.26
13 0
14 .38
15 -.28
17 .32
18 .22
19 -.28
20 .02
21 -.08
22 .05
23 -.32
24 -.03
25 .1
27 -.07
33 .11
34 .05
35 -.1
36 -1
37 -.74
38 -.28
80 0
105 .51
155 -.2
157 .03
185 -.46
193 .45
196 -.53
505 .39
506 -.6
507 -.45
515 -1
517 .03
518 .24
629 .39
637 .12
646 .17
647 -.09
649 .33
650 -.57
652 .39
653 .14
656 0
659 .53
662 .5
663 0
664 0
665 .16
675 -.17
676 -.37
678 .5
682 .51
683 -.18
684 -.03
685 0
690 .36
692 -.12
693 .24
753 .62
756 -.4
758 .09
759 .1
760 .69
764 .61
765 -.08
769 .45
773 .53
795 .23
796 0
799 .42
841 -.04
842 -.06
879 0
880 -1.05
textures 0
