LLWearable version 22
Default Hair

	permissions 0
	{
		base_mask	00082000
		owner_mask	00082000
		group_mask	00000000
		everyone_mask	00000000
		next_owner_mask	00082000
		creator_id	11111111-1111-0000-0000-000100bba000
		owner_id	f4680403-aed0-4c44-942d-cc127e8cb6ed
		last_owner_id	11111111-1111-0000-0000-000100bba000
		group_id	00000000-0000-0000-0000-000000000000
	}
	sale_info	0
	{
		sale_type	not
		sale_price	10
	}
type 2
parameters 90
16 .65
31 1.62
112 0
113 0
114 .5
115 .09
119 .35
130 .67
131 1
132 .39
133 0
134 .36
135 0
136 .5
137 .56
140 1.22
141 0
142 0
143 .12
144 0
145 1.7
146 0
147 2
148 .22
149 0
166 0
167 0
168 0
169 0
171 0
172 1
173 0
174 .28
175 0
176 1
177 0
178 0
179 0
180 .08
181 .14
182 .7
183 .05
184 0
190 0
191 .12
192 .66
400 .75
640 0
641 0
642 0
643 0
644 0
645 0
674 -.3
750 .7
751 0
752 .5
754 0
755 .05
757 -.04
761 0
762 0
763 .53
771 0
774 0
782 0
783 0
784 0
785 0
786 .5
787 0
788 0
789 .05
790 0
870 -.01
871 .64
872 .81
1000 .35
1001 .35
1002 .7
1003 .7
1004 0
1005 0
1006 0
1007 0
1008 0
1009 0
1010 0
1011 0
1012 .25
textures 1
4 7ca39b4c-bd19-4699-aff7-f93fd03d3e7b
