LLWearable version 22
Default Shape

	permissions 0
	{
		base_mask	00082000
		owner_mask	00082000
		group_mask	00000000
		everyone_mask	00000000
		next_owner_mask	00082000
		creator_id	11111111-1111-0000-0000-000100bba000
		owner_id	f4680403-aed0-4c44-942d-cc127e8cb6ed
		last_owner_id	f4680403-aed0-4c44-942d-cc127e8cb6ed
		group_id	00000000-0000-0000-0000-000000000000
	}
	sale_info	0
	{
		sale_type	not
		sale_price	10
	}
type 0
parameters 143
1 -.05
2 0
4 -.05
5 0
6 .41
7 -.15
8 0
10 .48
11 0
12 0
13 0
14 .34
15 0
17 -.29
18 .02
19 -.57
20 -.06
21 .13
22 0
23 -.5
24 -.31
25 0
26 .1
27 -.65
28 0
29 -.46
30 -.46
32 0
33 -.79
34 -.33
35 0
36 -.36
37 0
38 .14
40 0
80 0
100 0
104 0
105 .36
106 0
151 0
152 0
153 0
155 -.64
156 0
157 0
185 -.6
186 0
187 0
188 0
189 0
193 .5
194 .4
195 .2
196 -.2
505 .43
506 -.36
507 -.59
515 0
517 -.16
518 .87
626 0
627 .29
629 .51
630 0
631 .02
633 .11
634 .11
635 .11
637 .11
646 0
647 0
648 .03
649 .49
650 .43
651 0
652 .5
653 -.43
655 -.08
656 0
657 .87
658 0
659 .81
660 0
661 0
662 .5
663 0
664 .21
665 0
675 .05
676 .41
677 0
678 .5
679 -.08
680 -.08
681 -.08
682 .5
683 -.06
684 -.03
685 0
686 -.6
687 -.08
688 -.08
689 -.3
690 .35
691 -.08
692 0
693 .44
694 -.08
695 -.08
753 0
756 0
758 0
759 .95
760 -.53
764 0
765 -.3
767 -.44
768 -.44
769 .39
770 0
772 0
773 .5
794 .17
795 .25
796 0
797 .36
798 0
799 .38
841 0
842 0
843 0
853 0
854 0
855 .41
879 0
880 0
1103 0
1104 0
1105 0
1200 0
1201 0
11001 0
textures 0
